5506 0 8.5
1210 0 7.6
2083 0 7.9
4280 0 7.5
4794 0 7.2
4792 0 6.9
5411 0 8.2
1951 0 7.9
3188 0 8.6
404 0 8.7
2230 0 7
2826 0 7.6
5724 0 6.7
2692 0 9.3
561 0 7.6
2529 0 8.1
1585 0 7.7
2393 0 8.1
814 0 9.1
5436 0 7.2
2063 0 8.7
2821 0 7.3
5051 0 7.6
5894 0 7.5
3852 0 8.2
963 0 7.9
3286 0 6.4
5389 0 8.3
1135 0 7.7
3560 0 8
5412 0 8
5105 0 8.1
2678 0 8.5
845 0 8.1
2693 0 8.4
4729 0 6.8
3778 0 4.8
90 0 6.8
3537 0 7
5663 0 7.1
3668 0 7.4
3328 1 6.2
1115 1 9.3
829 1 8.7
5781 1 7.1
5428 1 8.9
3074 1 7
5612 1 6.5
2102 1 7.3
4574 1 6.7
3770 1 7.6
5263 1 7.3
2933 1 8.9
5289 1 8.2
4524 1 7.3
5280 1 6.9
5645 1 7.5
5496 1 8.4
2818 1 7.9
5544 1 7.8
3280 1 6.7
2784 1 7.2
400 1 7.7
4765 1 8.1
2919 1 8.3
5357 1 7.5
2884 1 9
4797 1 6.9
4983 2 7.6
1916 2 6.9
2257 2 7.3
4730 2 7.9
2960 2 7.8
4723 2 6.6
4809 2 7.1
5809 2 7.3
5122 2 7.7
3376 2 9.2
1435 2 6.1
1549 2 7.7
4887 2 7.5
4515 2 8.3
2668 2 9.2
3151 2 6.8
1052 3 7.3
5716 3 6.9
2042 3 7.9
759 3 7.6
5057 3 8.4
3113 3 7.8
4886 3 8.3
5281 3 6.8
3850 3 8.4
1985 3 7.7
2353 3 6.4
1031 3 8.3
4575 3 8
673 3 7.7
4619 3 7.7
1080 3 7.3
1176 3 7.7
4286 3 8.1
1947 3 9.1
3420 3 8.6
4876 3 8.3
142 3 8
2565 3 8.1
4631 3 5.8
3515 3 8.5
3436 3 8.2
4298 3 7.7
4464 3 7.5
2103 3 8
5660 3 6.7
546 3 7.9
2022 3 6.4
448 3 6.2
1925 3 7
2760 3 7.1
413 3 8
4686 3 9.2
3236 3 8.6
3904 3 5.3
5949 3 9.1
2127 3 8.2
1479 3 7.4
995 3 8.4
2355 3 8
4857 3 8.3
1469 3 8.3
3052 3 8.2
3331 3 7.1
5109 3 8
2383 3 7.6
5973 3 8.3
2619 3 7.4
1030 3 8.3
1446 3 7.5
2066 3 8.1
462 3 8.2
1101 3 7.2
523 3 8
3390 3 7.1
3984 3 6.6
312 3 6.7
2164 3 8.7
800 3 7.8
1153 3 7.9
4735 3 7.3
3905 3 7
4705 3 9.2
1194 3 7.2
3441 3 9
2531 3 5.9
5849 3 7.4
2746 3 7.8
342 3 7.8
897 4 8.6
247 4 7.5
3616 4 7.5
3965 4 8.5
5112 4 6.8
158 4 6.4
2757 4 8.4
650 4 9
3526 4 8.1
5643 4 6.3
2717 4 8.6
3337 4 7.4
5937 4 7.3
3879 4 8.1
1167 4 6.9
3561 4 7.9
1514 4 8.4
3595 4 7.7
4637 4 8.4
4367 4 9.2
5810 4 6.9
5061 4 6.9
1179 4 9.6
286 4 7.7
980 4 8.3
1596 4 9.1
2126 4 6.7
4383 4 9.2
2986 4 8.3
4060 4 8.7
318 4 7.4
4010 4 7.5
1389 4 7.6
5487 4 7.6
5262 4 7.3
875 4 7.7
1784 4 6.7
1806 4 8.9
5907 4 8.4
4055 4 7.7
3877 4 6.7
2215 4 6.7
753 4 7.8
5437 4 6.4
1932 4 8
108 4 8.3
1363 4 7.9
203 4 6.1
3942 4 6.4
3731 5 7.9
1788 5 8.8
3401 5 7.7
2892 5 8.7
5075 5 7.3
776 5 7.7
5944 5 8.1
3053 5 7.2
3256 5 7.7
5006 5 6.4
1748 5 8.1
6005 5 8.2
5131 5 9.4
461 5 9.2
1164 5 5.7
2701 5 6.8
4429 5 7.7
1387 5 6.4
5417 5 6.4
3667 5 8.7
3062 5 7.9
4587 6 8.5
5527 6 8.9
317 6 8.6
166 6 8.3
5183 6 8.1
3159 6 7.1
354 6 7
5078 6 7.2
5957 6 7.8
5264 6 6.8
3034 6 7.3
3988 6 8.4
5286 6 8.9
1172 6 8.1
1974 6 6.3
2945 6 7.4
5391 6 6.5
5365 6 7.3
2000 6 7
1550 6 5.8
4740 6 6.3
5594 6 7
3829 6 7.6
3646 6 7
2244 6 8.6
4647 6 7.4
4878 6 8.5
766 6 4.9
1995 6 7.2
4588 6 7.5
5042 6 8.6
2136 6 7
4864 6 6.6
2033 6 8.4
3487 6 8.5
2185 6 8.1
4519 6 6.7
821 6 7.6
2999 6 6.5
3782 6 8.9
3495 6 6.8
3104 6 6.7
4462 6 7.9
1696 6 8.3
5865 6 8.3
5529 7 9
3085 7 7.5
122 7 6.5
3805 7 7.9
2039 7 8.4
5951 7 7.6
163 7 8.5
3875 7 7.6
3687 7 8.1
4447 7 7.8
2116 7 8.9
4261 7 8.3
243 7 6.8
5004 7 8.2
1894 7 8.2
2511 7 8.4
532 7 7.8
3886 7 8.4
1015 7 7.1
2749 7 8.8
1481 8 7.8
4358 8 7.6
2853 8 9
5722 8 7.7
3095 8 6.5
975 8 7.2
4806 8 7.9
5773 8 8.8
484 8 7.6
6048 8 7.6
1967 8 6.6
2748 8 8
3949 8 8.8
5981 8 8.9
3392 8 7
1984 8 8.8
860 8 6.7
3492 8 7.4
87 8 7.9
4458 8 7.5
1892 8 9.2
2114 8 8.7
154 8 7.3
356 8 6
3324 8 7.6
2476 8 8.9
1242 8 7.5
932 8 5.8
2313 8 7.6
1752 8 8.4
3064 8 8.1
1323 8 8.7
5975 8 8.6
2810 8 7
3715 8 8.7
4562 8 7
3612 8 6.5
3258 8 7.8
81 8 8.4
5633 8 5.5
2798 8 7.2
1918 8 8.2
3555 8 6.7
1579 8 8.7
4364 8 6.8
1410 8 8.3
2567 8 6.6
5807 8 5.7
3757 9 6.5
5839 9 7.2
2225 9 8.5
4884 9 8
4911 9 7.1
3501 9 7.4
3783 9 5.8
5997 9 9.4
2343 9 9.1
1853 9 6.4
3822 9 7.2
1306 9 8.6
2649 9 7.6
646 9 6.9
2727 9 7.1
4717 9 8.2
4251 9 8.9
2708 10 6.9
1346 10 8
4962 10 8.4
274 10 8.5
2176 10 8
88 10 6.4
2157 10 7.5
1831 10 7.8
2648 10 8.7
2895 10 7.7
5488 10 7.5
98 10 7.4
509 10 7.3
4880 10 7.1
2576 10 6.1
2481 10 9
1923 10 6.2
7 10 8
2608 10 6.1
1260 10 7.3
4851 10 7.8
47 10 8.2
4319 10 8.2
3861 10 7.6
1644 10 8.5
1613 10 7.3
2371 10 7
727 10 6.6
4706 10 7.9
540 10 6
3079 10 6.5
2240 11 7.9
2595 11 7.4
1926 11 8.5
671 11 8
5536 11 6.4
1365 11 7.7
3857 11 7.9
2822 11 7.8
5706 11 7.8
1279 11 7.8
2088 11 5.8
4599 11 7.6
2653 11 7.6
136 11 5.3
5523 11 6.8
190 11 8.2
5030 11 7.7
3014 11 8.9
3232 11 7.3
4345 11 6.6
3132 11 6.9
687 11 5.6
1351 11 7.4
2079 11 8.4
3887 11 6.1
1126 11 8.6
17 11 8.4
5063 11 8
1452 11 8.6
4249 11 6.7
1690 11 8.4
1593 11 8.2
6093 11 8.8
3876 11 7.6
946 11 8.3
1518 11 8.3
5123 11 7.1
5305 11 9
1859 11 7.5
4299 11 8.2
1261 11 8.5
3788 11 6.4
1744 11 6.2
2988 11 7.9
4789 11 8
2718 11 9.2
799 11 9.1
3841 11 7.9
5184 11 7.7
810 11 8.6
5709 11 7.7
5144 11 7.4
3427 11 7.7
4482 11 5.8
260 11 7.4
311 11 7.7
4279 11 6.7
5413 11 7.9
5963 11 8.1
3937 11 8.4
4044 11 6.1
3750 11 7.9
5755 11 5.6
3200 11 8.2
261 11 8.3
2428 11 8.4
2461 11 8
299 11 8
491 11 8.8
1229 11 9.5
62 11 8.6
5258 11 8.5
3633 11 9.4
2965 11 7.9
5747 11 7.7
5710 11 5.8
3631 11 7.4
422 11 6.2
866 11 9.2
4654 11 9.1
5871 11 7.9
5578 11 7.9
3649 12 8
339 12 7.8
725 12 8.6
4966 12 7.7
477 12 8
844 12 8
508 12 5.8
2260 12 8
5460 12 7.7
196 12 6.3
6100 12 8.6
16 12 7.9
3543 12 8.2
5172 12 8.5
4793 12 8.7
5440 12 6
1244 12 7.3
2207 12 9.1
288 12 8.4
1770 12 7
5062 12 7.9
4572 12 8.7
3944 13 6.4
4304 13 9.1
2109 13 8.5
5356 13 8.4
5847 13 6.1
2119 13 6.7
1849 13 6.9
357 13 7
4274 13 8.8
666 13 8.5
5941 13 7.8
4823 13 7.2
5863 13 8.5
131 13 7.4
4337 13 8.7
4159 13 6.4
2344 13 6.5
1698 13 7.7
4142 13 7.2
3806 13 5.5
3684 13 9
1996 13 7.8
4463 13 7.4
1568 13 5.9
886 13 8.4
3964 13 7.8
5936 13 7.3
5377 13 8.7
812 13 5.9
333 13 8.2
5344 13 8.5
5964 13 6
4065 13 7.9
2137 13 8.1
4624 13 6.9
3954 13 8.1
5701 13 6.1
4193 13 7.8
2154 13 6.8
2214 13 6.6
1555 13 7.4
145 13 7.8
4544 13 6.7
5883 13 7.6
5128 13 7
704 13 7.3
5495 13 6.8
2867 13 5.9
3119 13 7.7
3165 13 5.9
1144 13 8.7
2290 13 6.6
4801 13 8.5
601 13 8.9
4761 13 8.8
5471 13 9
5603 13 8.6
2788 13 6.5
1537 13 8.4
5639 13 6.8
5510 13 9
2796 13 7.9
2359 13 6.8
4182 13 8.8
5822 13 6.8
4125 13 8
229 13 6.2
2013 13 6.2
2564 13 8.5
1263 13 6.6
4800 13 8
1778 13 6.6
5054 13 7.9
5421 13 7.5
3884 13 7.5
2210 13 7
639 13 7.6
1948 13 7.8
3395 13 8.8
5515 13 9.1
5375 13 6.6
4239 13 7
5294 13 7.4
6057 13 8.4
5066 13 8.5
3830 13 7.5
1592 13 8.3
722 13 6.6
4963 14 8
2630 14 8.8
5552 14 8.1
1939 14 6
635 14 7.2
3466 14 9
1213 14 9.1
5776 14 6.6
772 14 7.2
5819 14 9.4
1447 14 8.1
3966 14 5.6
4611 14 8.6
2447 14 8.6
5036 14 6.3
4123 14 6.5
4362 14 6.4
1198 14 7.1
1109 14 5.9
1713 14 8.9
5873 14 7.3
1401 14 8.4
5933 14 6.5
4804 14 9.4
1282 14 7.4
5415 14 7.7
1288 14 6.6
4080 14 7.1
3959 14 6.5
5463 14 5.7
5490 14 7.4
1247 14 7.4
5692 14 7.5
76 14 8.9
1211 14 6.9
4626 14 7.4
5402 14 5.5
194 14 7.9
4217 14 6.8
2192 14 6
877 14 7.3
2910 14 8.7
3276 14 9.2
4977 14 7.5
5148 14 8.3
4428 14 7.3
783 14 8.6
2581 14 8.2
2980 14 8.5
5760 14 7.1
2322 14 8
3866 14 7.9
534 14 7.7
456 14 7.9
984 14 9.2
3128 14 5.6
4585 14 8.6
449 14 5.5
5581 14 8.5
4322 14 6.7
922 14 8.1
52 14 9.2
1234 14 6.7
3072 14 7.8
46 14 8.3
3774 14 6.4
4825 14 7.3
4440 14 5.9
2052 14 7.6
5403 14 8.3
5504 14 6.9
441 14 8.3
964 14 9.1
5069 14 6.1
2487 14 7.1
2680 14 8.8
4863 14 9.4
5806 14 7.7
1803 14 7.3
3482 14 6.8
5259 14 8.5
1507 14 6.2
2071 14 9.2
2101 14 7.1
4329 14 8.8
5501 15 7.2
222 15 7.7
3011 15 8
6026 15 6.6
3571 15 7.7
1391 15 8.3
4354 15 6.7
4114 15 6.7
2294 15 7.3
5274 15 8.9
559 15 8.5
724 15 6.5
5023 15 4.9
199 15 8.3
3844 15 6.7
4069 15 7.3
2059 15 8
739 15 7.1
5379 15 8.3
4107 15 6.2
3545 15 8.9
1826 15 7.9
3559 15 6.9
5315 15 6.5
3301 15 7.3
5969 15 7.5
198 15 8.3
1228 15 9.3
5253 15 8.6
634 15 7
225 15 6.7
1037 15 8.6
1607 16 6.9
3929 16 7
3356 16 8.4
4485 16 8.2
2827 16 6.7
4840 16 5.4
2360 16 8.2
2031 16 8.5
4861 16 7.5
4908 16 7.1
1909 16 8.7
2464 16 6.5
1846 16 6.6
2454 16 6
395 16 5.9
596 16 9
1584 16 8
4906 16 6.5
3513 16 7.9
1802 16 8
3607 16 7.1
933 16 8
1908 16 6.8
4438 16 5.9
4027 16 6.4
4066 16 9.2
2536 16 8.7
4909 16 7.6
2054 16 7.6
3881 16 9
3605 16 7.8
1712 16 6.3
5475 16 9.1
2420 16 8.1
1283 16 5.7
412 16 7.2
1195 16 8.3
3993 16 9
3175 16 7.2
2416 16 8.4
3868 16 9
2269 16 6.5
3294 16 8.8
5126 16 8.2
2433 16 6.6
1674 16 8.1
816 16 8.1
957 16 8.1
2462 16 6.7
3080 16 5.4
1717 16 5.3
3413 16 7.5
1901 16 7.4
5795 16 6.7
4798 16 8
5140 16 7.2
3003 16 7.3
914 16 8.3
436 16 7.1
3628 16 8.4
1433 16 7.9
3273 16 6.2
465 16 7.6
5971 16 7.4
3834 16 8.8
3620 16 8.6
664 16 5.2
4968 16 8.3
5393 17 6.3
798 17 7.4
3582 17 9.1
1783 17 7.6
740 17 8.2
3690 17 5.3
3162 17 7
3745 17 7.2
115 17 6.5
5441 17 6.9
6010 17 7.5
246 17 7.4
4570 17 8.8
1871 17 8.5
1564 17 6.5
5047 17 7.3
2832 17 6.9
3259 17 8.7
4241 17 7.8
1383 17 9.4
4436 17 8.6
1928 18 7.5
3252 18 7.9
135 18 7.2
708 18 7.7
214 18 7.9
2129 18 8.2
1012 18 9
2881 18 8.5
4075 18 8.6
1375 18 6.7
5211 18 7.2
4499 18 7.6
6038 18 8.3
429 18 7.1
4757 18 8.6
4098 18 8.5
1789 18 6.4
2060 18 7.5
2880 18 7.5
5509 19 8.7
774 19 8.1
4074 19 8.4
95 19 7.4
1946 19 8.4
4 19 8.1
6101 19 7.7
4289 19 9.1
3630 19 8.3
3792 19 7.9
2444 19 5.9
1552 19 8.4
1981 19 5.9
348 19 8.4
1160 19 7.2
5110 19 8.2
4221 19 7.1
4555 19 7.5
5590 19 6.1
1659 19 7.1
1561 19 9.1
5275 19 8.3
5802 19 5.6
3827 19 7.3
4068 19 7.4
3664 19 6.7
3313 19 6.4
4940 19 9
5317 19 7.2
4577 19 7.2
63 19 9.3
3396 19 6.2
5650 19 7.3
3038 19 7.9
350 19 7
5168 19 8.2
842 19 8.9
4582 19 7.3
1302 19 8.4
686 19 7.1
1695 19 7.3
4190 19 5.5
1403 19 6.9
4250 19 7.3
5953 19 7
4476 19 9.4
2874 19 7.1
327 19 8.6
1872 19 8.7
1421 19 6.6
5121 19 8.4
1001 19 7.6
5374 19 7.7
3400 19 8
3299 19 7.1
5046 19 8.8
3202 19 6.3
1876 19 6.6
1571 19 7.4
1997 19 8.8
1542 19 8.3
267 20 7.8
576 20 8
2224 20 6.9
734 20 5
940 20 6.3
818 20 7.9
3816 20 8.4
475 20 6.2
2631 20 7.9
1328 20 6.5
5868 20 8.2
1760 20 8.2
291 20 8.9
3701 20 7.1
5111 20 7.6
4126 20 8.7
2310 20 7.5
2831 20 8.8
488 20 5.9
4605 20 9.2
3024 20 8.2
1205 20 6.7
3004 20 7.8
3765 20 8.4
4466 20 8.5
1459 20 6.9
3603 20 8.2
5505 20 8.7
1841 20 9.1
2803 20 6.7
2121 20 8.6
1270 20 7.7
3043 20 7.1
4979 20 9
1907 20 7.1
1977 20 6.3
5927 20 7.3
5860 20 8.3
2380 20 7.1
3342 20 7.6
3214 20 8.2
3802 20 7.7
331 20 8.5
5947 20 8.1
4535 20 7.8
5213 20 5.7
562 20 7.4
487 20 8.5
4821 20 7.6
4805 20 7.4
45 20 7.5
4680 20 8.2
4855 20 6.9
4491 20 7.1
5911 20 7.2
1966 20 6.3
572 20 6.8
3935 20 7.1
6074 20 7.2
4058 20 7.8
782 20 7
5476 20 6.5
5087 20 9
2351 20 8.3
4866 20 7.6
1502 20 8.6
2847 20 9.4
5680 20 7.3
238 20 8.4
3936 20 6.7
5048 20 8.6
3127 20 8.4
415 20 8.5
1370 20 7.6
3469 20 7.6
2396 20 6.6
801 21 7.9
901 21 8.8
245 21 6.3
5926 21 6.9
3105 21 7.9
2656 21 6.9
3873 21 8
4400 21 6.9
706 21 7.9
1018 21 7.9
5932 21 6.8
4824 21 7.2
4295 21 7.8
3669 21 8.6
440 21 6.1
4278 21 7.3
5685 21 8.5
5372 21 9.2
2069 21 7.2
4411 21 7.2
5388 21 7.1
6050 21 8.2
1340 21 8.9
4276 21 5.6
590 21 6.6
730 21 8.7
54 21 6.3
5472 21 6.3
1129 21 8.2
564 21 8.3
4837 21 9
5739 21 7.3
2962 21 6.6
4115 21 6.9
2006 21 8.1
5628 21 7.1
185 21 9.1
4290 21 7.3
5328 21 8.2
4707 21 7.4
2544 21 7.5
6064 21 6.6
939 21 7.5
1431 21 8.9
2586 21 8.6
838 21 7.9
452 21 7.2
1587 21 7.5
3071 21 5.9
3641 21 7.9
1866 21 7.2
3359 21 8.8
1378 21 7.6
4580 21 7.4
1307 21 7.2
507 21 5.5
2134 21 8.2
1742 21 7.5
14 21 9.1
618 21 6.8
3997 21 8.3
3483 21 8.3
5564 21 8
6039 21 8.8
958 21 6.5
1808 21 6.9
5254 21 6.6
3169 21 8.4
3569 21 5.8
2802 21 6.1
2739 21 8.8
5181 21 8
5862 21 7.1
3366 21 8.6
2175 21 7.4
2068 21 7.7
4105 21 8.1
2312 21 7.7
5521 21 9.3
3484 21 7.3
815 21 5.3
5835 21 4.9
4724 21 7.3
2014 21 7.7
5345 21 7.1
3291 21 7
672 21 8.6
48 21 6.6
4267 21 7.9
4305 21 8.8
3920 21 7.1
4095 22 8.5
3902 22 8.3
5360 22 6.6
1345 22 7.2
5223 22 7.5
3542 22 8.4
2139 22 8.7
5791 22 6.1
1854 22 7.9
3211 22 8.6
3987 22 7.5
4991 22 7.7
579 22 7.1
4688 22 8.1
2621 22 8.3
1417 22 6.1
5634 22 6.7
1998 22 7
5489 22 7.3
1791 22 7.1
2689 22 6.7
5382 22 8.7
837 22 8.4
36 22 8.9
2513 22 7.4
3726 22 7.1
5617 22 6.3
4050 22 8.2
2942 22 7.2
392 22 9.5
5308 22 6.8
4083 22 7.2
2468 22 8
4212 22 6.9
4444 22 8.5
4427 22 6.6
3598 22 8.2
665 22 5.6
3766 22 8.1
2317 22 7
4171 22 6.5
1395 22 7.7
4051 22 8.1
364 22 7.4
176 22 6.4
4403 22 7.3
3851 22 7.2
4987 22 8.1
1042 22 7.2
5422 22 9.2
4468 22 7.2
375 22 7.2
5149 22 7.8
1438 22 6.6
2309 22 7.5
4166 22 7.5
4385 22 7.3
2625 22 6.5
4881 22 5.9
4359 22 7.9
4132 22 7.9
4998 22 7.9
2646 22 9.5
148 22 8.3
5065 22 8.8
3994 22 7
426 22 8.3
68 22 7.3
5520 22 7
389 22 7.1
5681 22 7.1
1046 22 8.1
4615 22 7.5
4597 22 7.6
3266 22 7.1
1815 22 7
1083 22 7.8
1756 22 7.1
3377 22 6.7
5199 22 8.1
974 22 8.2
580 22 8.5
2023 22 7
2474 22 7.7
5703 22 7.6
5572 22 7.4
4206 22 8.6
4629 22 7
5089 22 7.3
5241 22 7.2
1062 23 7.6
771 23 6.3
1359 23 7.8
4737 23 7.8
3637 23 6.6
308 23 7.4
5371 23 7.6
2738 23 6
5711 23 7.3
2778 23 5.6
5914 23 8.7
6076 23 6.7
4628 23 9
831 23 9.4
3760 23 7.3
1757 23 8.1
3727 23 8.7
4522 23 7.6
3454 23 7.4
2849 23 7.9
5366 23 7.8
879 23 7.9
1036 23 7.2
1390 23 7.6
1829 23 7.4
2871 23 7.2
1251 23 8.9
2914 23 8.2
4975 23 7.9
4561 23 7.4
141 23 8.6
5661 23 8.8
4610 23 6.9
4995 23 6.5
4483 23 6.4
5565 23 7.3
2036 23 7.9
363 23 8
2204 23 8.4
2824 23 7.3
567 23 7.7
5725 23 8.9
2100 23 8
251 23 8.5
4419 23 9.2
329 23 7.2
4720 23 7.6
2588 23 7.6
2931 23 7.5
1668 23 7.4
2484 23 7.8
3287 23 7.7
4454 23 8
5620 23 7.2
2854 23 7.6
5695 23 7.2
4961 23 6.5
2477 23 6.7
3871 23 5.9
1528 23 8.7
3858 23 8.9
3123 23 5.9
5386 23 7.9
1496 23 8.2
3275 23 8.8
5986 23 7.6
91 23 7.5
5803 23 7.3
1330 23 8.9
6044 23 7.7
5167 23 6
99 23 7.9
1025 23 7.7
5394 23 7.5
4894 23 5.7
4826 24 6.9
428 24 9.2
5677 24 8.8
1180 24 7.3
1 24 7.5
2766 24 8.6
21 24 9.3
5303 24 5.7
1787 24 7.6
12 24 6.6
4412 24 6.6
900 24 6.5
5314 24 7.8
168 24 6.6
4932 24 8.9
5751 24 7
371 24 7.2
1149 24 8.1
4762 24 7.7
2342 24 8.7
4302 24 8
690 24 7.4
3655 24 8
2411 24 9.1
189 24 8.6
543 24 8.1
924 24 7.3
4085 24 7.7
3708 24 7.6
3464 25 7.1
2389 25 5.9
2589 25 7.4
1440 25 8.3
464 25 7.9
3471 25 5.9
1701 25 6.4
5221 25 9
5098 25 7.6
3869 25 9.3
3213 25 7.5
2944 25 7.8
5995 25 7.6
5955 25 5.7
804 25 7.6
1830 25 9.5
1313 25 6.6
393 25 6.6
4625 25 7.4
5074 25 7.7
2546 25 7.3
84 25 4.9
334 25 8.7
5782 25 7.9
3199 25 7.3
602 25 8.7
5017 25 7.7
703 25 7.9
1775 25 7.7
3918 25 6.7
453 25 9.2
4238 25 6.9
1994 25 7
5816 25 6.9
5593 25 8.8
2604 25 8.1
4651 25 6.7
3278 25 7.9
3608 25 7
2590 25 7.1
4905 25 7.4
4974 25 6.7
409 25 7.2
2258 25 7.1
4093 25 6.7
3228 25 7.3
2445 25 6.1
4370 25 6.3
6012 25 7.8
1133 25 8
3249 25 7
552 25 6.6
4512 25 7.8
1043 25 7.3
5427 25 8.8
359 25 8
3233 25 8.3
3946 25 7.9
4386 25 8.6
613 25 6.7
3444 25 7.8
4696 25 8
1141 25 6.7
4392 25 7.5
4237 25 8.7
5774 25 9.3
5133 25 7.3
4701 25 8.7
321 25 8
3091 25 7.1
3061 25 8.5
3217 25 7.8
2498 25 9.3
2048 25 7.3
535 25 8.5
2675 25 6.8
4210 25 9.2
1847 25 7
2499 25 8.5
5601 25 8.4
663 25 6.4
1961 25 9.5
1520 25 6.8
4791 25 7.2
2560 25 7.9
4007 25 9
506 25 8.3
5772 25 8.6
1419 26 7.6
625 26 6.8
5040 26 9.1
4784 26 8.6
3995 26 7.1
4776 26 6.2
1545 26 6.4
1423 26 7.6
1852 26 8.2
3353 26 7.3
207 26 7.2
4564 26 7.8
4218 26 9.1
4994 26 6.6
5033 26 8.2
5607 26 6.7
5823 26 7.4
1551 26 6.8
2354 26 7.4
170 26 6.5
4790 26 6.2
5626 26 8
3865 26 7.9
5458 26 7.9
3184 26 7.8
4410 26 7.6
5667 26 8.3
224 26 7.1
130 26 7.2
362 26 8
5630 26 8.2
4149 26 7.8
3344 26 9.1
4088 26 7.9
5668 26 7.7
2172 26 9.1
956 26 7.3
4391 26 7.8
5086 26 6.9
4660 26 7.3
1858 26 8.5
5414 26 8.3
4681 26 8.4
3980 26 8.2
35 26 6.7
5892 26 8.5
3430 26 6.9
1110 26 7.2
5269 26 8.7
1016 26 5.6
2655 26 8
4984 26 8.7
5794 26 8.1
6084 26 8.3
3411 26 8.8
1100 26 7.5
406 26 8
3948 26 8.1
2744 26 8.8
1532 26 6.3
588 26 7.4
3391 26 8.4
3137 26 8.8
2719 26 6
1580 26 7.6
2765 26 6.9
446 26 8.3
4889 26 8.5
4336 26 9
1097 26 8
138 26 5.8
4150 26 6.3
3405 26 7.2
2976 26 7.3
2602 26 8.7
2801 26 8.5
1199 26 9
5789 27 5.2
748 27 7.9
2559 27 5.5
2078 27 8.8
2287 27 7.5
4986 27 9.4
2729 27 9
5798 27 8.6
5702 27 7.6
2983 27 8.5
853 27 8.3
3666 27 8.6
6079 27 7.8
5271 27 8.6
1138 27 7.1
1033 27 8.4
5560 27 6.5
695 27 7.5
2002 27 6.3
921 27 8.7
4326 27 9
1563 27 7
4355 27 8
4967 27 8.2
5815 27 8.1
1123 27 7.5
2153 27 6
1622 27 7.4
5312 27 7.6
4888 27 5.7
4449 27 7.1
4925 27 8.2
1191 27 7.8
1441 27 7.5
6102 27 6.6
3347 27 7.8
912 27 7.3
3186 27 8.4
1009 27 6.2
483 27 7.6
1471 27 6.7
5248 27 6.3
4000 27 7.7
5508 27 7.7
2902 27 8.2
4623 27 7.1
861 27 6.8
1064 27 8.2
1732 27 8.5
1749 27 7.4
367 27 7.8
1631 27 8.6
144 27 6.1
3 27 9.1
4942 27 7.7
5245 27 7.5
3112 27 9.2
3470 27 6.7
3872 27 8
2882 27 6.5
1915 28 8
1609 28 7.5
4228 28 8.3
2673 28 9.5
4973 28 7.7
3035 28 8.3
2572 28 7.7
5753 28 9
236 28 8.6
1103 28 8.1
5392 28 9.5
1145 28 6.3
887 28 7.5
3156 28 6.3
3139 28 8
49 28 8.3
1702 28 9.2
4356 28 7.6
42 28 5.7
775 28 5.9
4727 28 8.1
2381 28 7.3
2893 28 8.2
4541 28 6.6
1889 28 7.4
2424 28 5.8
3044 28 7.8
4747 28 8.4
3769 28 8.4
504 28 8.5
2159 28 7.9
3810 28 8.6
3021 28 8.7
2491 28 7.8
5005 28 7.8
468 28 8.4
2615 28 6.3
2262 28 7.6
1900 28 8.5
1186 28 7.8
143 28 8.1
2372 28 8.7
2472 28 7.4
3372 28 8.3
4281 28 8.6
751 28 7.7
3814 28 8.5
2408 28 8.6
3791 28 9.1
942 28 9.8
1108 28 8.6
5265 28 8
2403 28 6.5
5528 28 7.5
1444 28 6
1082 28 8.7
4127 28 9
1724 28 9
1240 28 9.3
3692 28 7.4
770 28 6.7
5015 28 7.3
2253 28 7.7
498 28 8.3
1428 28 5.5
5231 28 7.2
1812 28 8.2
4692 28 8
735 28 9.1
2097 28 8.5
1747 28 7.6
928 28 7.1
2091 28 7.3
4565 28 7.7
2733 28 8.8
2530 28 7.8
795 29 8.2
1710 29 8
2934 29 8.1
5870 29 9.1
263 29 9.4
4040 29 8.9
2050 29 8.7
5550 29 7.8
3574 29 7.5
2084 29 5.7
2187 29 8.8
97 29 8.6
75 30 8.3
5830 30 7.4
5719 30 5.9
4226 30 5.9
3846 30 9
3688 30 6.8
351 30 7.1
5827 30 5.6
1054 30 7.9
2356 30 7.9
4056 30 5.7
2808 30 6.4
4024 30 7.3
2698 30 8.7
3056 30 7.8
8 30 8.5
5699 30 7.7
5453 30 7.8
5318 30 8.4
3311 30 5.9
1772 30 7.9
1206 30 7.8
1559 30 8.2
2085 30 9.4
6095 30 7.8
44 30 8.1
778 31 8.5
5214 31 6.4
4037 31 7.8
5279 31 7.7
3316 31 6.4
4176 31 7
5354 31 7
2367 31 8.5
1382 31 8
683 31 7.3
3241 31 7.5
1427 31 7.7
1548 31 8.2
1773 31 8
4275 31 7.5
5878 31 5.6
1649 31 7.8
4417 31 7.2
787 31 7.6
2859 31 7.9
5452 31 7.1
4877 31 7.5
26 31 7.6
1248 31 7.2
209 31 8.4
4922 31 8.7
2196 31 6
1017 31 8.5
961 31 9
2940 31 7.9
3472 31 8.7
5132 31 7
3716 31 5.5
1445 31 8
2532 31 8.3
4854 31 8.5
4220 31 8.4
430 31 8.1
4506 31 8.5
3722 31 8
478 31 8.9
3166 31 7.9
2716 31 6.6
1764 31 9
2644 31 5.8
1669 31 6.1
880 31 7.1
2731 31 9.1
3621 31 7.8
2903 31 9.2
3758 31 7.1
4622 31 7.1
5470 31 6.6
1293 31 8.2
2628 31 7.4
3474 31 7.6
4746 31 7
3448 31 7.3
598 31 8.1
3121 31 6.4
86 31 7.7
1844 31 6.4
793 31 7.2
5407 31 7.6
4498 31 8
2552 31 6.6
4437 31 7.8
1626 31 7.8
5977 31 8.8
1865 31 7.3
324 31 7.7
2274 31 8.4
117 31 8
2401 31 7.9
3926 31 6.1
3260 31 8
626 31 6.9
5027 31 7.6
4213 31 8.5
3496 31 5.8
4666 31 7.7
3724 31 9.1
1286 31 6.2
4089 31 8
3426 31 8.5
5991 32 8.9
5052 32 9
5435 32 8.4
4192 32 6.4
2502 32 8.2
4778 32 7.9
1148 32 8.6
4907 32 7.2
3455 32 7.5
617 32 6.9
5676 32 7.2
1877 32 8.1
1266 32 6.1
1776 32 6.4
1404 32 8
1197 32 7.9
3153 32 8.1
5008 32 6.8
2521 32 8.5
1065 32 7
5814 32 5.3
4796 32 7.4
3408 32 8.2
5179 32 7.6
3117 32 8.4
3520 32 7.7
3467 32 8.1
1726 32 7.7
3899 32 7.9
2555 32 8.5
3177 32 7.9
2442 32 6.3
5713 32 5.8
3709 32 6.6
3008 32 7.5
4031 32 8.2
5013 32 5.9
547 32 6.6
5157 32 7.8
1851 32 6.1
1823 32 7.1
2250 32 7.4
1474 32 5.7
4808 32 7.3
4795 32 7.3
5468 32 8.1
1235 32 6.3
5672 32 6.7
4484 32 7.9
2161 32 6.4
5636 32 7.5
2522 32 7
3558 32 6.9
180 32 6.8
5316 32 7.9
1063 32 6.1
2538 32 8.6
679 32 8.6
4158 32 8.4
5409 32 6.3
1349 32 6.6
4343 32 6.7
2324 32 9.2
5519 32 6.5
6089 32 7.7
3307 32 8.1
4348 32 7.2
5690 32 8.7
6011 32 7.5
3389 32 8.5
387 32 7.4
2561 32 7
3317 32 7.4
1285 32 6.4
3832 32 6.4
1630 32 8.3
6003 32 7.2
5931 32 8.7
3449 32 7.5
698 32 6.2
4604 32 7.7
1763 32 5.9
6103 32 8
1512 32 9.2
5897 32 7.9
3849 32 7.6
5887 32 8.9
712 33 7.6
904 33 9.1
548 33 9.1
2228 33 7.8
2763 33 8.3
694 33 6.7
711 33 8.5
1738 33 7.2
121 33 7.9
1002 33 7
5561 33 8.3
3572 33 9.2
878 33 8.9
376 33 9
3578 33 8.3
2973 33 6.2
4300 33 8
4157 33 7
893 33 7.4
4467 33 8.1
5088 33 7.5
2174 33 8.6
405 33 8.5
5059 33 7.5
1521 33 7.8
467 33 9.2
2907 33 8
941 33 8.2
4763 33 8
3938 33 7.8
2209 33 8.3
859 33 7.8
4264 33 8.6
5512 33 8.7
6000 33 8.3
992 33 8.2
253 33 7.6
737 33 8.4
3932 33 8.2
4996 34 7.3
784 34 6.7
51 34 6.3
2198 34 5.7
2213 34 9.1
3239 34 8.8
4342 34 9.2
2540 34 9
4320 34 5.8
1682 34 8.6
3663 34 7.6
3106 34 8.8
2633 34 7.9
3135 34 7.1
551 34 8
768 34 6.5
5614 34 8.3
5288 34 7.8
4550 34 8
4655 34 6.8
527 34 7.1
3961 34 6.4
4662 34 9.1
3528 34 8.9
5129 34 8.2
5651 34 6.8
1685 34 6.8
1745 34 8.3
2956 34 7.2
5888 34 8.4
3374 34 6.5
1495 34 7.5
110 34 6.1
3435 34 8
2315 34 8.9
4416 34 7.6
60 34 8
6087 34 8.4
3833 34 6
5187 34 7.1
2306 34 7.1
6041 35 7.7
2028 35 6.4
1827 35 5.6
850 35 7.7
6024 35 8.8
2070 35 9.3
408 35 7.8
2570 35 7.5
2637 35 8.3
3460 35 7.9
5196 35 8.1
3746 35 8.5
5742 35 7.5
5127 35 7.6
2212 35 7.8
4636 35 6.5
4092 35 7.4
4865 35 8.9
616 35 8
4052 35 8.2
3090 35 6.9
2998 35 7.6
4287 35 7.4
503 35 7.9
731 35 8
5796 35 8.2
216 35 8.3
162 35 8
4779 35 7.7
310 35 8.6
3914 35 8.4
5886 35 7.2
4307 35 8.5
3282 35 8.7
4271 35 7.8
5205 35 6.2
5368 35 7.7
1769 35 7.2
5700 35 6.4
4943 35 8.1
5032 35 9.3
4016 35 7.7
1544 35 6.9
4693 35 7.6
3568 35 8.7
3220 35 9.2
4311 35 6.7
4199 35 6.1
2397 35 7.2
3908 35 7.5
5367 35 6.9
2714 35 5.4
545 35 8.5
3737 35 6.4
593 35 8.4
3218 35 8.6
2304 35 7.8
1237 35 8.1
3283 35 8.2
5502 35 5.5
2554 35 7.9
4656 35 5.9
5076 35 8.1
4749 35 8.7
5587 35 7.6
3951 35 9.4
5031 35 5.3
1691 35 7.6
1972 36 8.4
2392 36 6.2
1038 36 7.4
420 36 7.7
747 36 8.6
5966 36 7.7
1546 36 8.5
3575 36 7
5913 36 8.3
5659 36 7.8
5743 36 6.7
689 36 5.9
2440 36 6.1
5465 36 8.3
5267 36 8.7
4614 36 7.3
1965 36 8
2246 36 9
3776 36 7.1
536 36 8.6
2764 36 9.1
3821 36 8.6
2754 36 9.4
1619 36 6
3617 36 6.2
208 36 7
3345 36 7.4
3845 36 7.2
1411 36 5.8
109 36 7.3
304 36 7.6
1010 36 8.7
3677 36 5.4
2130 36 7
1938 36 6.5
5024 36 8.7
5217 36 8.4
282 36 6.9
4369 36 8.3
994 36 6.4
5694 36 8.1
813 36 8.5
5597 36 6.2
2913 36 6.5
4172 36 8.5
1785 36 8.6
4450 36 9.4
3349 36 8.9
2775 36 8.3
4951 36 7.8
1267 36 7.5
2149 36 5.8
3168 36 9
1617 36 8.5
1098 36 9.2
4552 36 7.5
210 36 7.7
4012 36 9
3383 36 8.7
1118 36 7.6
6030 36 8
6061 36 7.5
239 36 7.2
5856 36 9.3
5454 36 8.4
241 36 7.6
4960 36 8.5
129 36 9.2
2752 36 7.7
173 36 7.1
2021 36 9
5537 36 5.9
4223 36 7.3
5793 36 5.3
5916 36 7.8
1782 36 8.3
4997 36 7.2
1667 36 7.1
5429 36 8.5
3096 36 8.8
5582 36 7.3
1175 36 7.5
4017 36 6.4
4682 36 8.5
4441 36 7.8
3309 36 6.4
1604 36 8
4738 36 7.2
5801 36 7.9
1272 36 9.3
1975 36 7.6
5029 36 8.5
1034 36 9
5482 36 6.8
834 36 8.9
3235 37 5.5
1079 37 8
6040 37 7.9
2938 37 6.7
2047 37 8.7
2873 37 7.3
2441 37 8.7
1456 37 9.1
2987 37 6.9
4711 37 8
6037 37 6.5
2953 37 8.5
611 37 8.5
4363 37 8.4
1824 37 7.9
403 37 8.1
5554 37 8.2
3623 37 7.5
1758 37 8.2
5575 37 7
4244 37 7
3479 37 5.1
3154 38 7.3
4301 38 6.2
2330 38 7.4
6071 38 8.5
560 38 8.3
2333 38 8.9
5113 38 7.9
669 38 8.7
2732 38 7.8
4502 38 7.4
741 38 5.8
3461 38 7
1790 38 6.6
3385 38 8.2
1945 38 6.8
1541 38 7.1
3489 38 7.4
6027 38 9.5
4879 39 8.5
4752 39 7.4
3098 39 6.9
3362 39 8.3
5896 39 8.2
5571 39 7.7
1538 39 9.4
4786 39 6
4667 39 8
5178 39 6.8
4687 39 6.9
2734 39 7.4
3251 39 7.4
3238 39 8
2276 39 7.8
1797 39 8.1
1280 39 6.8
720 39 8.6
2211 39 7.7
702 39 7.9
5232 39 7.2
4215 39 8.2
237 39 8.3
2035 39 5.3
3968 39 9
4566 39 7.4
5813 39 6.7
3465 39 6.8
4380 39 7.3
427 39 7
5188 39 9.1
5893 39 7.5
5296 39 5.8
1361 39 6.8
4589 39 8.8
2603 39 8.2
652 39 8.7
380 39 7.5
797 39 8.5
4288 39 7.2
3953 39 7.3
2352 39 7.1
4384 39 6.9
5567 39 9
668 39 5.7
1011 39 8.1
3250 39 8.2
3007 39 7.7
3771 39 9.1
275 39 7.2
5874 39 7.2
1971 39 8.3
874 39 9.5
5962 39 7.2
2267 39 8.1
1216 39 8
962 39 8.5
1182 39 7.9
4490 39 7.7
5395 39 7.3
597 39 7.8
1254 39 7
644 39 7.8
3204 39 5.3
4969 39 8.9
107 39 6.1
3150 39 6.6
1919 39 7.4
102 39 8.1
1467 39 8.8
3244 39 7
295 39 8
3463 39 6.8
2922 39 8.5
3116 39 7.4
2150 39 7.7
5203 39 7.7
3402 39 6.7
1060 39 7.5
1774 39 8
332 39 8.3
1035 39 9.2
881 39 4.9
849 39 7.9
463 39 6.5
4310 39 7.9
2162 39 9.2
3511 39 7.5
4495 39 8.7
1458 39 5.4
6065 39 5.8
5954 39 8.7
4875 39 8.6
3305 39 7.6
3532 39 7.1
4945 39 8.8
1497 39 9.1
1950 39 9.1
1679 40 6.9
3041 40 6.7
1317 40 9.2
5574 40 9.4
77 40 8.4
454 40 7
533 40 9
3839 40 6.8
1800 40 8.4
3600 40 8.4
3050 40 6.4
5675 40 7.6
3678 40 8.6
1603 40 9
4408 40 7.4
4551 40 8.2
1364 40 8.2
5434 40 7.3
2694 40 7.9
3533 40 8.1
3142 40 6.1
3519 40 7.6
2422 40 6.1
6042 40 7.3
2523 40 8.9
1878 40 8.1
4919 40 8
4644 40 7.4
2166 40 5.3
2029 40 9
230 40 8.4
5923 40 7.1
3057 40 8.7
3319 40 7.4
1190 40 8.2
4653 41 6.6
1657 41 6.5
3950 41 7.4
416 41 7.7
825 41 7.9
2514 41 7.6
1958 41 7.6
1032 41 5.5
701 41 8
2640 41 7.3
2492 41 7.5
5679 41 7.6
847 41 8.5
2920 41 5.3
3665 41 7.6
585 41 5.4
5 41 7.9
1687 41 7.8
1202 41 7.3
5759 41 7.4
4045 41 8
5304 41 7.7
4547 41 8.1
4259 41 8.2
3705 41 7.4
3419 41 8.2
5034 41 7.7
1509 41 9.4
1652 41 6.7
1636 41 7.3
314 41 8.9
2993 41 7.5
6006 41 8.6
4472 41 6.9
2828 41 6.4
4816 41 9
892 41 7.8
2677 41 8.2
2688 41 7.8
4194 41 7
1810 41 9.1
796 41 7.9
566 41 9
175 41 6.7
1870 41 8
2009 41 7.9
3573 41 7.3
1962 41 8.2
4912 41 8.9
4180 41 7.8
5609 41 8.3
757 41 9.1
2862 41 8.5
869 41 8.6
2237 41 7
1246 41 7.8
4892 41 7.3
5884 41 7.4
4018 41 8.3
6017 41 6.1
4124 41 7.8
2990 41 8
4330 41 7.9
4859 41 9.3
1312 41 7.5
4487 41 7.7
2706 41 7.4
4517 42 8.4
719 42 8.4
5174 42 7.7
443 42 5.1
287 42 8
3901 42 8.6
2758 42 6
240 42 5.7
2419 42 7.7
4937 42 5.6
1294 42 8.9
5420 42 7.3
4734 42 6.2
3198 43 8
1276 43 8.6
2900 43 7.9
4488 43 9
4257 43 8.1
1188 43 6.4
1168 43 8.4
1212 43 6.6
1562 43 8.4
2813 43 6.6
5370 43 7.1
1741 43 7.8
2486 43 7.6
2616 43 6.5
5586 43 8.4
469 43 5.9
4904 43 7.1
191 43 7.8
5627 43 8.9
4664 43 8.5
4539 43 7.2
4608 43 9.3
5170 43 8.3
1819 43 8.3
822 43 7.9
4189 43 9.2
5351 43 7.4
2008 43 8.7
3058 43 8.4
3189 43 8.7
5640 43 7.3
2848 43 6
2508 43 8.4
381 43 9
112 43 6.6
4767 43 7.8
4766 43 9.4
3891 43 6.6
5867 43 7.7
1837 43 8.4
1956 43 9.3
3494 43 7.9
4946 43 5.4
3927 43 8.2
3221 43 8.1
5190 43 7.5
1611 43 6.7
882 43 7.5
2507 43 6.2
4957 43 8.5
2823 43 9.1
4266 43 7.4
4578 43 8.9
2186 43 6.5
1677 43 8.5
4869 43 7.6
2876 43 8.3
2227 43 8.2
4758 43 8.5
5151 43 6.8
5282 43 8.2
2208 43 8.5
1861 43 7.9
3915 43 7.6
2662 43 5.3
3820 43 7.6
2448 43 8.4
1673 44 6.8
3298 44 7.2
1255 44 9.5
3898 44 8.3
1029 44 7.5
2489 44 6.2
4446 44 6.6
4513 44 8.3
4005 44 7.8
5292 44 8.1
3029 44 8.3
3493 44 7.6
1811 44 8.9
407 44 7.6
1572 44 7.7
5652 44 7.9
3013 44 7.9
2948 44 9.4
3957 44 9
4254 44 5.4
1969 44 7.9
3451 44 7.1
3082 44 7.5
1143 44 8.4
2549 44 6.8
3818 44 6.8
4829 44 8.8
5728 44 7.2
2026 44 7
235 44 8.2
201 44 7.1
3226 44 8.7
3303 44 8.6
4719 44 7.9
883 44 8.1
2553 44 7.6
5332 44 7.6
1601 44 7.3
1632 44 7.8
3404 44 8.6
5478 44 6.7
2921 44 8.6
2928 44 6.1
4843 44 7
3215 44 7.8
4393 44 7.3
2133 44 9.3
908 44 8.7
1008 44 7
2768 44 6.9
1373 44 9.1
1053 44 9
839 44 8.6
1384 44 7.5
2569 44 7.3
5982 44 6.7
5180 44 7
3719 44 5.5
258 44 7.9
432 44 8.4
3615 44 7.8
2099 44 6.2
5492 44 6.6
4478 44 7.8
1678 44 7.1
2120 44 6.3
3826 45 9.2
5229 45 6.6
5091 45 9.5
1771 45 7.5
1621 45 7.1
5840 45 6.7
5206 45 7.9
3147 45 8.8
497 45 8.8
4743 45 7.9
5799 45 8.4
6018 45 8.1
1397 45 6.7
2877 45 5.8
1594 45 6.5
3357 45 7.7
640 45 6.7
1511 45 8.4
2627 45 6.5
2234 45 8.2
470 46 7.7
4860 46 8.1
1881 46 8.5
4839 46 8.5
2170 46 5.6
2946 46 7.7
2369 46 8.3
573 46 6.1
3939 46 6.7
38 46 6.3
2635 46 6.1
2875 46 8.7
4181 46 8.4
2305 46 8.2
926 46 8.2
1505 46 7.3
3751 46 9.2
2361 46 9.3
2622 46 9.1
67 46 8
692 46 8.6
2575 46 8.8
1686 46 8.4
976 46 7.9
476 46 7.7
2852 46 9.2
2160 46 7.9
3517 46 8.2
826 46 7
3234 46 8.1
3659 46 8
6091 46 5.4
3653 46 8
1142 46 6.2
2979 46 9.2
2223 46 7.7
2152 46 7.3
1566 46 8.4
56 46 8.5
2027 46 8.2
4632 46 7
4820 46 6.1
4832 46 7
2339 46 7.5
2410 46 7.5
1843 46 8.5
2722 46 7.8
3279 46 8.6
2163 46 6.8
2819 46 7.7
1298 46 8.9
5081 46 6.9
1795 46 7
4788 46 5.8
3808 46 7.9
5056 46 7.7
846 46 8.2
5085 46 6.6
660 46 8.6
3066 46 8.1
4389 47 8.1
5038 47 8.6
178 47 7.4
5752 47 7
1582 47 7.2
3412 47 8.2
2094 47 8.8
1093 47 6.4
4750 47 6.7
4368 47 7.6
451 47 8.3
5615 47 8.7
2573 47 6.6
5866 47 7.7
3756 47 8.6
457 47 7.6
3896 47 8
3627 47 8.1
4101 47 8.1
2896 47 8.3
4616 47 8.3
2518 47 9.2
183 47 8.4
648 47 6.4
1476 47 6.7
948 48 7.8
2180 48 7.9
94 48 9.3
1825 48 7.3
657 48 9.3
5424 48 6.8
5401 48 7.5
5767 48 5.1
2496 48 8.1
2189 48 8.2
2891 48 7.8
4421 48 8.7
79 48 8.6
5499 48 8
3027 48 7.7
667 48 7.7
3729 48 7.6
745 48 7.5
4285 48 8.5
265 48 9.1
1595 48 6.6
2485 48 8.5
1399 48 9
4659 49 6.7
1807 49 6.9
4112 49 7
2387 49 8.1
205 49 5.6
805 49 5.7
3447 49 5.8
1527 49 6.3
337 49 5.5
4773 49 7.5
5456 49 6.5
3398 49 7.6
2860 49 9.1
714 49 8.4
786 49 8.8
4702 49 7.2
604 49 7.6
2947 49 6.8
4378 49 7.8
3973 49 7.9
3855 49 5.5
411 49 9.1
2235 49 7.1
1482 49 8.4
3020 49 6.3
5164 49 7.8
3440 49 9
2950 49 9.2
2463 49 8.5
2842 49 8.8
6 49 9.1
444 49 6.5
2010 49 7.3
4930 49 7.1
927 49 5.4
2449 49 8.1
5079 49 6.7
3054 49 8.6
3203 49 7.2
3510 49 8.1
15 49 7
1722 49 8
5250 49 7.1
525 49 8.2
5741 49 7.9
2509 49 8.7
1633 50 8.2
3675 50 8.9
2222 50 7.4
621 50 7.8
474 50 7.8
3977 50 7.1
4598 50 6.3
5322 50 8.5
5224 50 7
1343 50 7.8
1891 50 6.9
2188 50 7.4
360 50 8.2
4652 50 7.9
5479 50 7.4
3714 50 6.6
4282 50 7.4
4893 50 8
5825 50 7.5
4475 50 7.7
4665 50 7.6
4048 50 7.2
3046 50 7.3
2879 50 8.2
1737 50 7.2
3862 50 6.9
5186 50 6.7
50 50 7.1
160 50 7.3
4207 50 9
967 50 6.2
2200 50 6
4721 50 8.9
155 50 9.2
4918 50 8
1051 50 9
2435 50 9.2
3606 50 7.8
5792 50 8.3
2465 50 8
2301 50 6.4
4526 50 8.4
1257 50 6.3
2460 50 8.8
5227 50 8.4
283 50 5.9
5516 50 6.1
5750 50 7.3
5956 50 8.3
553 50 7.1
3943 50 6.3
5137 51 5
2229 51 8.3
4008 51 7.6
5800 51 7.7
871 51 9.3
1095 51 8
5337 51 6.5
1746 51 8.3
305 51 8.6
3248 51 8.9
5673 51 7.1
5745 51 8.1
2177 51 8.2
5784 51 7.5
4350 51 8.1
4697 51 7.6
82 51 7.7
6016 51 5.9
2710 51 8.6
1023 51 7.7
2870 51 8.7
3848 51 8.2
4019 51 6.1
987 51 7.4
1183 51 8.2
5449 51 8.4
1663 51 6.6
4989 51 9.2
4324 51 8.9
2816 51 7.5
1050 51 8
2629 51 8.8
1708 51 8.1
2687 51 8.5
3923 51 6.6
3343 51 6
3732 51 6.6
1953 51 7.8
346 51 6.9
2580 51 7.2
3456 51 8.5
5990 51 8.1
3656 51 8.7
3288 51 7.8
259 51 7.2
4947 51 6.5
3742 51 7.7
5762 51 7.8
1688 51 8.3
4174 51 9.5
3505 51 7.1
2299 51 7.5
3136 51 6.6
5817 51 7.8
3686 51 8.8
791 51 8.7
3097 51 6.7
3785 51 8.3
2112 51 7.9
843 51 7.7
5824 51 9.2
2495 51 7.4
4077 51 8.5
3761 51 6.9
789 51 7
4818 51 7.6
5455 51 9.1
2415 51 8.6
5226 51 7.3
5028 51 6.6
2709 51 6.1
3622 52 8.5
4025 52 9.1
3306 52 9
5333 52 9.2
2020 52 7.8
2350 52 7.1
5423 52 8.8
4139 52 8.2
4755 52 5.6
3626 52 8.5
2273 52 7.2
3589 52 8.7
3685 52 8.7
3508 52 5.2
5082 52 5.9
4179 52 8.6
556 52 6.2
537 52 8.4
3991 52 9
642 52 7.7
2080 52 7
2614 52 6.8
4297 52 8.4
4465 52 8
991 52 8.1
1114 52 6.8
1680 52 7.6
5100 52 8.8
184 52 9.4
4313 52 9
3540 52 5.8
1207 52 8.6
5242 52 8.7
1119 52 7.4
5473 52 8.4
414 52 6.8
5921 52 6.6
3502 52 8.8
2005 52 6.4
4163 52 9.2
4648 52 8.7
884 52 8
1941 52 8.6
2745 52 7.4
1728 52 8.8
544 52 7.4
1376 52 6.9
3509 52 6.5
1992 52 5.9
4638 52 7.1
5632 52 7.9
697 52 6.9
4571 52 8
3960 52 7.4
1269 52 6.9
5355 52 8.4
5234 52 7.1
5769 52 8
1007 52 7.5
5141 52 8.3
3160 52 7.3
3134 52 7.6
2018 52 8.5
3787 52 8.1
4532 52 9.2
1226 52 8.3
3302 52 9.5
64 52 8.9
167 52 6.4
4309 52 7.5
2820 52 8.2
4548 52 7.5
123 52 6.3
4245 52 6.9
3141 52 7.3
5704 52 5.5
4269 52 6.6
1027 52 7.2
4415 52 9.1
146 52 5.9
2780 52 8
3976 52 6.1
5644 52 6.7
1407 52 9.3
4072 52 7.5
5761 52 7.4
4508 52 6.9
1443 52 6.3
3768 52 7.3
1492 52 7.8
2774 52 6.1
4581 52 7.8
1337 52 9.7
2038 52 6.4
557 52 7.9
1558 52 7.6
4225 52 8.2
